# timecode format v2
0.000
250.005
499.993
749.995
999.991
1249.988
1499.987
1749.984
2249.983
2499.979
2749.981
3499.968
3749.966
3999.965
4249.964
4749.960
4999.959
5249.956
5499.955
5999.949
6249.956
6499.945
6749.943
7249.939
7499.935
7749.934
7999.934
8499.932
8749.929
8999.925
9249.930
9749.918
9999.916
10749.912
10999.909
11249.910
11499.905
12249.902
12499.908
12999.894
13249.893
13749.888
13999.886
14249.885
14499.882
14999.878
15249.875
15749.871
15999.868
16249.868
16499.866
16749.867
16999.861
17249.857
17499.855
17749.855
17999.852
18499.854
18749.857
18999.850
19499.841
19999.839
20499.837
20749.834
21249.835
21749.825
22499.817
22749.816
23249.821
23499.811
23999.814
24249.805
24499.799
24749.797
25499.791
25749.790
26249.785
26499.786
26749.783
26999.779
27249.779
27499.777
27749.773
27999.775
28499.768
28999.767
29499.760
29749.764
30249.756
30499.751
30999.748
31249.747
31499.745
31749.739
31999.739
32249.738
32499.735
32999.738
33249.729
33749.727
33999.723
34499.722
34749.718
34999.716
35249.713
35749.711
35999.705
36249.707
36499.704
37249.699
37499.695
37749.694
37999.693
38249.693
38499.689
38749.685
39249.681
39499.681
39749.683
39999.675
40499.671
40749.669
40999.669
41249.664
41499.662
41749.661
41999.660
42749.653
42999.652
43249.656
43499.647
43749.646
43999.642
44249.642
44499.641
44999.634
45249.633
45499.630
45749.629
45999.628
46249.626
46499.624
46749.623
46999.621
47249.618
47749.616
47999.611
48249.609
48499.607
48999.604
49249.601
49499.599
49749.596
49999.596
50249.594
50499.593
50749.590
50999.591
51249.588
51749.586
51999.581
52499.576
52749.573
52999.572
53249.569
53499.568
53749.567
54249.563
54499.560
54749.558
54999.558
55249.556
55499.555
55749.550
55999.552
56499.547
56749.545
56999.541
57249.542
57499.536
57999.533
58249.531
58499.539
58749.528
58999.527
59249.525
59749.521
59999.519
60249.518
60499.516
60999.511
61249.509
61499.507
61999.504
62249.500
62499.500
62749.498
62999.495
63249.493
63499.490
63749.489
64249.487
64499.485
64749.483
64999.481
65249.480
65499.477
65749.477
66249.472
66499.469
66749.469
66999.465
67249.464
67499.459
67749.460
68249.457
68499.454
68749.454
68999.453
69499.447
69749.445
69999.443
70249.442
70499.439
70749.443
71249.451
71499.431
71749.431
71999.431
72749.425
72999.422
73249.421
73499.416
73999.413
74249.412
74499.427
74749.408
75249.402
75499.402
75749.401
75999.398
76249.397
76499.394
76749.393
76999.390
77249.389
77499.386
77999.382
78249.381
78499.380
78749.379
78999.375
79249.373
79499.371
79749.372
79999.368
80499.365
80749.364
80999.361
81249.360
81749.353
81999.351
82249.351
82499.348
82749.348
82999.347
83249.343
83499.342
83749.341
83999.338
84249.336
84499.334
84999.331
85249.332
85499.328
85749.326
85999.325
86249.323
86499.323
86749.321
87249.316
87749.312
87999.310
88249.308
88499.308
88999.304
89249.305
89499.300
89999.295
90249.295
90499.293
90749.291
90999.291
91249.301
91999.282
92249.279
92499.321
92749.286
93249.274
93499.272
93749.273
93999.272
94249.269
94499.264
94999.260
95249.260
95499.257
95749.254
96499.251
96749.248
96999.245
97249.246
97499.243
97749.245
97999.242
98499.238
98749.235
98999.237
99249.233
99999.228
100249.222
100499.222
100749.218
100999.216
101249.215
101499.213
101749.213
101999.221
102499.208
102749.211
102999.213
103249.203
104249.195
104499.198
104749.201
104999.203
105499.195
105749.188
106499.182
107249.175
107499.173
107749.178
107999.177
108249.169
108499.166
109499.160
109749.159
109999.164
110499.168
111249.146
111499.146
111749.145
111999.142
112249.139
112499.138
112749.138
112999.134
113499.134
113749.128
113999.127
114249.124
114499.123
114749.121
114999.124
115249.118
115749.116
115999.115
116249.112
116499.109
116749.108
116999.106
117249.105
117499.103
117749.103
118249.099
118499.098
118749.095
118999.100
119499.092
119749.089
119999.088
120249.084
120499.083
120749.084
120999.082
121249.080
121749.074
121999.073
122249.081
122499.070
122749.068
122999.068
123249.070
123749.060
123999.059
124249.058
124749.054
125249.052
125499.048
125999.047
126249.047
126499.042
126999.042
127249.038
127499.035
127749.034
128249.030
128499.031
128749.027
128999.026
129749.024
129999.019
130249.016
130499.023
130749.014
130999.012
131249.009
131499.016
132249.002
132499.001
132999.002
133248.997
133498.995
133748.994
134248.996
134498.990
134748.988
134998.967
135748.905
135998.890
136248.869
136498.843
137498.758
137748.738
137998.720
138248.697
138498.677
138748.657
138998.636
139498.598
139748.575
139998.555
140248.534
140498.514
140748.491
140998.474
141248.453
141498.432
141748.439
142248.370
142498.350
142748.330
142998.309
143498.268
143748.250
143998.231
144248.250
144498.188
145498.107
145748.087
146498.028
146748.008
146997.991
147247.967
148497.869
148747.846
148997.826
149247.807
149497.788
149747.769
151247.650
151497.627
151747.610
151997.601
152247.571
152497.552
153747.463
153997.431
154247.411
154497.394
154747.374
154997.355
155747.294
155997.277
156247.259
156497.238
156747.220
156997.199
157497.161
157747.139
157997.121
158247.101
158497.081
158747.063
158997.045
159247.025
159497.004
159996.967
160246.949
160496.928
160746.910
160996.911
161246.871
161496.854
161746.835
162246.796
162496.776
162746.758
162996.736
163246.720
163496.701
163746.683
163996.663
164496.622
164746.606
164996.587
165246.567
165496.551
165746.532
165996.512
166246.495
166496.475
166746.457
166996.435
167246.417
167746.379
167996.360
168246.342
168746.305
168996.285
169246.267
169496.249
169746.229
169996.211
170246.194
170496.173
170746.156
170996.137
171246.119
171496.100
171746.083
172246.044
172496.025
172746.008
172995.990
173245.972
173495.955
173745.938
173995.918
174495.881
174745.868
174995.854
175245.830
175995.772
176245.752
176495.736
176745.717
177745.645
